id,Label
0,3
1,9
2,2
3,2
4,3
5,6
6,3
7,3
8,3
9,4
10,8
11,9
12,9
13,4
14,8
15,1
16,2
17,5
18,5
19,9
20,2
21,6
22,2
23,4
24,2
25,3
26,8
27,6
28,8
29,0
30,8
31,9
32,5
33,3
34,2
35,4
36,6
37,0
38,3
39,8
40,7
41,2
42,3
43,4
44,4
45,4
46,7
47,8
48,7
49,4
50,7
51,3
52,3
53,4
54,3
55,7
56,3
57,9
58,3
59,4
60,2
61,9
62,3
63,6
64,3
65,3
66,8
67,4
68,9
69,6
70,3
71,4
72,7
73,8
74,3
75,3
76,3
77,7
78,3
79,0
80,7
81,3
82,4
83,7
84,3
85,6
86,7
87,2
88,2
89,4
90,2
91,3
92,3
93,3
94,6
95,9
96,0
97,3
98,7
99,2
100,4
101,2
102,6
103,3
104,3
105,3
106,4
107,6
108,3
109,9
110,6
111,3
112,4
113,6
114,3
115,2
116,3
117,3
118,6
119,7
120,4
121,6
122,3
123,4
124,5
125,2
126,4
127,2
128,6
129,0
130,4
131,9
132,9
133,4
134,9
135,2
136,8
137,0
138,6
139,3
140,0
141,9
142,4
143,7
144,5
145,3
146,8
147,7
148,4
149,0
150,0
151,6
152,6
153,8
154,0
155,3
156,6
157,0
158,2
159,5
160,3
161,8
162,3
163,8
164,3
165,3
166,2
167,6
168,2
169,2
170,8
171,3
172,9
173,3
174,2
175,5
176,6
177,4
178,0
179,6
180,3
181,2
182,8
183,7
184,3
185,6
186,6
187,5
188,0
189,3
190,3
191,2
192,6
193,2
194,0
195,2
196,6
197,5
198,9
199,3
200,9
201,3
202,3
203,4
204,4
205,4
206,3
207,9
208,9
209,3
210,0
211,2
212,0
213,2
214,2
215,3
216,8
217,9
218,8
219,8
220,4
221,6
222,4
223,2
224,2
225,3
226,2
227,8
228,3
229,0
230,3
231,3
232,3
233,2
234,9
235,2
236,6
237,4
238,4
239,2
240,4
241,3
242,9
243,8
244,2
245,2
246,2
247,6
248,3
249,2
250,3
251,2
252,3
253,3
254,6
255,2
256,5
257,4
258,4
259,4
260,8
261,4
262,3
263,3
264,0
265,6
266,4
267,4
268,2
269,3
270,6
271,2
272,4
273,8
274,4
275,4
276,4
277,0
278,3
279,3
280,5
281,9
282,9
283,3
284,3
285,5
286,6
287,4
288,4
289,9
290,7
291,1
292,4
293,7
294,2
295,7
296,4
297,0
298,9
299,3
300,8
301,4
302,2
303,3
304,8
305,3
306,4
307,3
308,4
309,4
310,3
311,3
312,3
313,3
314,3
315,8
316,8
317,2
318,4
319,3
320,9
321,4
322,9
323,3
324,3
325,3
326,8
327,2
328,2
329,6
330,3
331,6
332,4
333,3
334,6
335,3
336,9
337,5
338,5
339,3
340,3
341,5
342,0
343,0
344,2
345,2
346,3
347,6
348,5
349,3
350,3
351,3
352,3
353,3
354,6
355,5
356,2
357,5
358,2
359,2
360,2
361,0
362,3
363,5
364,8
365,2
366,4
367,8
368,2
369,3
370,2
371,2
372,3
373,3
374,3
375,4
376,3
377,8
378,3
379,2
380,4
381,3
382,2
383,2
384,3
385,3
386,3
387,9
388,9
389,4
390,7
391,8
392,3
393,2
394,6
395,2
396,8
397,3
398,2
399,3
400,9
401,4
402,3
403,0
404,3
405,3
406,9
407,5
408,3
409,3
410,4
411,8
412,0
413,3
414,3
415,3
416,3
417,0
418,3
419,3
420,4
421,4
422,3
423,3
424,6
425,0
426,6
427,0
428,3
429,0
430,8
431,9
432,9
433,7
434,9
435,9
436,3
437,6
438,8
439,2
440,3
441,9
442,4
443,5
444,0
445,3
446,6
447,0
448,3
449,7
450,8
451,6
452,6
453,6
454,8
455,2
456,6
457,0
458,9
459,2
460,3
461,0
462,6
463,4
464,0
465,3
466,9
467,2
468,0
469,2
470,2
471,2
472,3
473,7
474,3
475,3
476,4
477,0
478,3
479,5
480,8
481,4
482,3
483,2
484,8
485,8
486,2
487,3
488,2
489,4
490,3
491,3
492,4
493,3
494,3
495,3
496,5
497,2
498,6
499,6
500,3
501,3
502,4
503,7
504,4
505,2
506,2
507,4
508,3
509,6
510,3
511,8
512,3
513,4
514,3
515,3
516,4
517,3
518,2
519,3
520,2
521,7
522,3
523,2
524,0
525,9
526,2
527,7
528,8
529,3
530,9
531,6
532,8
533,9
534,4
535,3
536,2
537,3
538,6
539,2
540,8
541,3
542,3
543,9
544,2
545,3
546,6
547,6
548,8
549,9
550,5
551,3
552,4
553,3
554,6
555,2
556,6
557,3
558,7
559,3
560,6
561,2
562,2
563,0
564,6
565,4
566,4
567,6
568,4
569,5
570,8
571,2
572,0
573,9
574,9
575,7
576,3
577,9
578,6
579,8
580,3
581,3
582,2
583,8
584,3
585,3
586,2
587,3
588,7
589,0
590,3
591,4
592,2
593,2
594,7
595,5
596,4
597,6
598,5
599,6
600,8
601,0
602,3
603,5
604,3
605,0
606,3
607,9
608,9
609,8
610,2
611,3
612,8
613,4
614,0
615,2
616,9
617,3
618,0
619,2
620,3
621,3
622,9
623,2
624,3
625,0
626,3
627,4
628,9
629,4
630,2
631,7
632,3
633,3
634,0
635,4
636,7
637,2
638,4
639,2
640,2
641,3
642,2
643,3
644,2
645,9
646,6
647,7
648,2
649,0
650,4
651,3
652,5
653,3
654,5
655,2
656,2
657,4
658,9
659,9
660,3
661,2
662,3
663,9
664,8
665,3
666,0
667,9
668,7
669,4
670,6
671,0
672,3
673,2
674,2
675,4
676,3
677,4
678,3
679,3
680,9
681,3
682,3
683,4
684,3
685,2
686,2
687,0
688,5
689,5
690,6
691,4
692,5
693,3
694,3
695,9
696,8
697,9
698,0
699,3
700,4
701,2
702,3
703,3
704,3
705,2
706,9
707,4
708,9
709,4
710,8
711,2
712,8
713,0
714,9
715,9
716,0
717,2
718,3
719,3
720,2
721,4
722,2
723,4
724,9
725,7
726,6
727,2
728,3
729,9
730,9
731,5
732,8
733,9
734,3
735,9
736,5
737,3
738,8
739,2
740,0
741,0
742,3
743,0
744,4
745,3
746,3
747,3
748,2
749,0
750,6
751,3
752,3
753,2
754,4
755,9
756,2
757,7
758,5
759,3
760,2
761,3
762,3
763,2
764,2
765,2
766,9
767,2
768,0
769,8
770,9
771,8
772,7
773,0
774,9
775,7
776,3
777,4
778,3
779,4
780,9
781,7
782,2
783,0
784,2
785,3
786,0
787,3
788,3
789,3
790,3
791,4
792,8
793,7
794,4
795,2
796,6
797,2
798,2
799,3
800,3
801,8
802,3
803,4
804,9
805,3
806,0
807,3
808,8
809,5
810,6
811,4
812,3
813,3
814,8
815,3
816,9
817,3
818,9
819,0
820,8
821,3
822,0
823,0
824,7
825,4
826,2
827,0
828,3
829,3
830,9
831,2
832,3
833,0
834,3
835,6
836,6
837,3
838,4
839,7
840,3
841,3
842,4
843,3
844,4
845,8
846,3
847,0
848,3
849,2
850,3
851,9
852,0
853,7
854,4
855,4
856,2
857,4
858,2
859,0
860,6
861,0
862,9
863,4
864,0
865,3
866,3
867,5
868,3
869,3
870,3
871,0
872,9
873,8
874,7
875,8
876,3
877,7
878,3
879,2
880,0
881,7
882,4
883,8
884,9
885,4
886,0
887,2
888,3
889,3
890,3
891,3
892,6
893,6
894,2
895,6
896,2
897,4
898,8
899,7
900,2
901,4
902,3
903,2
904,3
905,4
906,8
907,3
908,4
909,8
910,2
911,5
912,9
913,9
914,6
915,3
916,9
917,3
918,3
919,0
920,4
921,2
922,8
923,9
924,2
925,2
926,6
927,3
928,3
929,9
930,6
931,9
932,3
933,3
934,9
935,3
936,2
937,3
938,3
939,4
940,7
941,2
942,2
943,3
944,3
945,3
946,3
947,2
948,3
949,6
950,0
951,3
952,3
953,6
954,0
955,9
956,4
957,7
958,9
959,0
960,6
961,3
962,8
963,2
964,0
965,5
966,8
967,4
968,3
969,3
970,7
971,3
972,8
973,9
974,9
975,8
976,3
977,6
978,4
979,4
980,6
981,5
982,9
983,3
984,2
985,3
986,0
987,4
988,4
989,2
990,9
991,9
992,4
993,4
994,7
995,4
996,2
997,4
998,3
999,3
1000,7
1001,4
1002,2
1003,2
1004,4
1005,6
1006,6
1007,2
1008,3
1009,7
1010,3
1011,4
1012,3
1013,9
1014,8
1015,5
1016,8
1017,2
1018,2
1019,0
1020,2
1021,2
1022,7
1023,2
1024,0
1025,3
1026,3
1027,0
1028,6
1029,3
1030,9
1031,2
1032,7
1033,7
1034,3
1035,3
1036,7
1037,2
1038,2
1039,8
1040,3
1041,6
1042,5
1043,2
1044,9
1045,0
1046,4
1047,6
1048,2
1049,3
1050,3
1051,3
1052,4
1053,3
1054,3
1055,0
1056,2
1057,7
1058,4
1059,9
1060,3
1061,4
1062,3
1063,3
1064,4
1065,4
1066,4
1067,2
1068,0
1069,3
1070,4
1071,4
1072,2
1073,8
1074,2
1075,2
1076,4
1077,3
1078,4
1079,0
1080,3
1081,3
1082,3
1083,8
1084,9
1085,3
1086,4
1087,3
1088,2
1089,5
1090,7
1091,3
1092,3
1093,8
1094,6
1095,7
1096,8
1097,4
1098,2
1099,3
1100,3
1101,6
1102,8
1103,6
1104,4
1105,7
1106,8
1107,6
1108,9
1109,9
1110,0
1111,4
1112,9
1113,3
1114,8
1115,2
1116,3
1117,6
1118,5
1119,3
1120,4
1121,2
1122,2
1123,3
1124,8
1125,6
1126,4
1127,4
1128,6
1129,9
1130,0
1131,5
1132,2
1133,8
1134,4
1135,3
1136,3
1137,9
1138,2
1139,2
1140,0
1141,2
1142,3
1143,0
1144,3
1145,3
1146,2
1147,8
1148,2
1149,4
1150,6
1151,8
1152,7
1153,2
1154,2
1155,9
1156,2
1157,5
1158,2
1159,3
1160,3
1161,5
1162,8
1163,4
1164,8
1165,6
1166,0
1167,4
1168,3
1169,2
1170,3
1171,3
1172,3
1173,3
1174,6
1175,2
1176,7
1177,0
1178,9
1179,3
1180,3
1181,3
1182,3
1183,4
1184,4
1185,2
1186,4
1187,6
1188,2
1189,7
1190,8
1191,4
1192,3
1193,8
1194,6
1195,2
1196,9
1197,3
1198,4
1199,4
1200,6
1201,6
1202,0
1203,4
1204,3
1205,4
1206,6
1207,2
1208,9
1209,6
1210,2
1211,9
1212,8
1213,0
1214,3
1215,0
1216,5
1217,9
1218,0
1219,0
1220,6
1221,3
1222,4
1223,6
1224,3
1225,7
1226,9
1227,4
1228,0
1229,2
1230,5
1231,3
1232,3
1233,8
1234,9
1235,3
1236,3
1237,3
1238,6
1239,0
1240,3
1241,2
1242,8
1243,3
1244,0
1245,2
1246,4
1247,4
1248,7
1249,3
1250,3
1251,3
1252,6
1253,3
1254,4
1255,3
1256,3
1257,2
1258,4
1259,4
1260,3
1261,3
1262,9
1263,6
1264,2
1265,0
1266,5
1267,3
1268,4
1269,2
1270,5
1271,6
1272,7
1273,4
1274,3
1275,4
1276,9
1277,4
1278,5
1279,7
1280,3
1281,3
1282,8
1283,4
1284,3
1285,3
1286,3
1287,9
1288,6
1289,4
1290,4
1291,8
1292,2
1293,9
1294,4
1295,3
1296,3
1297,6
1298,2
1299,3
1300,6
1301,4
1302,8
1303,9
1304,3
1305,4
1306,3
1307,8
1308,4
1309,3
1310,8
1311,4
1312,6
1313,3
1314,3
1315,0
1316,0
1317,4
1318,3
1319,5
1320,8
1321,9
1322,9
1323,8
1324,3
1325,7
1326,3
1327,6
1328,0
1329,3
1330,8
1331,5
1332,4
1333,8
1334,6
1335,9
1336,0
1337,6
1338,3
1339,3
1340,4
1341,7
1342,9
1343,5
1344,3
1345,5
1346,4
1347,4
1348,4
1349,0
1350,3
1351,3
1352,2
1353,3
1354,3
1355,0
1356,4
1357,7
1358,0
1359,4
1360,3
1361,2
1362,3
1363,4
1364,6
1365,6
1366,8
1367,2
1368,8
1369,4
1370,1
1371,4
1372,3
1373,9
1374,0
1375,9
1376,2
1377,3
1378,6
1379,3
1380,2
1381,6
1382,2
1383,0
1384,5
1385,0
1386,3
1387,8
1388,4
1389,4
1390,8
1391,7
1392,9
1393,6
1394,3
1395,0
1396,3
1397,0
1398,8
1399,2
1400,0
1401,4
1402,3
1403,9
1404,4
1405,5
1406,4
1407,3
1408,4
1409,0
1410,4
1411,2
1412,3
1413,2
1414,9
1415,6
1416,2
1417,4
1418,0
1419,3
1420,3
1421,8
1422,4
1423,7
1424,8
1425,5
1426,2
1427,4
1428,3
1429,8
1430,3
1431,3
1432,3
1433,4
1434,6
1435,9
1436,0
1437,2
1438,6
1439,0
1440,2
1441,9
1442,7
1443,9
1444,3
1445,6
1446,4
1447,0
1448,3
1449,6
1450,2
1451,3
1452,8
1453,9
1454,6
1455,9
1456,3
1457,9
1458,7
1459,2
1460,3
1461,6
1462,9
1463,3
1464,3
1465,9
1466,4
1467,3
1468,7
1469,9
1470,8
1471,2
1472,3
1473,9
1474,3
1475,3
1476,4
1477,3
1478,5
1479,4
1480,9
1481,9
1482,3
1483,4
1484,2
1485,6
1486,7
1487,2
1488,0
1489,3
1490,3
1491,0
1492,3
1493,8
1494,8
1495,4
1496,5
1497,3
1498,2
1499,5
1500,4
1501,4
1502,2
1503,4
1504,6
1505,8
1506,7
1507,3
1508,0
1509,6
1510,4
1511,2
1512,3
1513,8
1514,9
1515,3
1516,2
1517,3
1518,9
1519,2
1520,6
1521,4
1522,3
1523,3
1524,3
1525,2
1526,3
1527,8
1528,0
1529,2
1530,4
1531,3
1532,6
1533,7
1534,5
1535,6
1536,4
1537,2
1538,2
1539,4
1540,9
1541,6
1542,3
1543,8
1544,3
1545,2
1546,6
1547,9
1548,4
1549,3
1550,6
1551,3
1552,8
1553,3
1554,6
1555,9
1556,4
1557,3
1558,9
1559,4
1560,6
1561,5
1562,3
1563,3
1564,9
1565,0
1566,3
1567,3
1568,4
1569,3
1570,3
1571,2
1572,3
1573,4
1574,4
1575,6
1576,3
1577,5
1578,3
1579,4
1580,3
1581,8
1582,8
1583,3
1584,6
1585,6
1586,5
1587,3
1588,9
1589,4
1590,8
1591,3
1592,2
1593,2
1594,2
1595,2
1596,2
1597,6
1598,2
1599,9
1600,2
1601,2
1602,2
1603,9
1604,6
1605,2
1606,4
1607,6
1608,9
1609,4
1610,8
1611,9
1612,9
1613,6
1614,2
1615,3
1616,3
1617,7
1618,0
1619,8
1620,9
1621,4
1622,0
1623,3
1624,2
1625,2
1626,7
1627,6
1628,3
1629,4
1630,2
1631,0
1632,2
1633,9
1634,7
1635,4
1636,8
1637,8
1638,3
1639,3
1640,8
1641,3
1642,4
1643,3
1644,0
1645,4
1646,3
1647,0
1648,3
1649,9
1650,4
1651,0
1652,2
1653,8
1654,2
1655,2
1656,2
1657,0
1658,4
1659,0
1660,3
1661,4
1662,0
1663,9
1664,2
1665,7
1666,2
1667,7
1668,5
1669,2
1670,6
1671,6
1672,4
1673,0
1674,3
1675,4
1676,9
1677,3
1678,5
1679,6
1680,6
1681,3
1682,2
1683,3
1684,9
1685,4
1686,2
1687,2
1688,3
1689,0
1690,3
1691,2
1692,7
1693,6
1694,6
1695,0
1696,3
1697,2
1698,8
1699,5
1700,3
1701,2
1702,8
1703,2
1704,6
1705,4
1706,9
1707,4
1708,0
1709,0
1710,9
1711,2
1712,2
1713,7
1714,0
1715,0
1716,0
1717,4
1718,4
1719,3
1720,2
1721,3
1722,6
1723,8
1724,8
1725,3
1726,2
1727,8
1728,2
1729,3
1730,4
1731,2
1732,4
1733,3
1734,5
1735,6
1736,2
1737,3
1738,4
1739,2
1740,3
1741,4
1742,3
1743,4
1744,8
1745,6
1746,3
1747,3
1748,4
1749,6
1750,3
1751,3
1752,8
1753,6
1754,3
1755,4
1756,5
1757,2
1758,0
1759,3
1760,8
1761,2
1762,2
1763,3
1764,7
1765,8
1766,2
1767,9
1768,9
1769,2
1770,3
1771,6
1772,2
1773,2
1774,8
1775,3
1776,9
1777,3
1778,3
1779,2
1780,4
1781,3
1782,3
1783,7
1784,3
1785,2
1786,4
1787,3
1788,4
1789,3
1790,7
1791,5
1792,4
1793,9
1794,4
1795,2
1796,3
1797,4
1798,0
1799,3
1800,4
1801,0
1802,5
1803,0
1804,5
1805,0
1806,9
1807,9
1808,8
1809,8
1810,5
1811,0
1812,5
1813,3
1814,2
1815,6
1816,9
1817,9
1818,4
1819,7
1820,3
1821,8
1822,4
1823,3
1824,5
1825,3
1826,2
1827,2
1828,3
1829,9
1830,4
1831,4
1832,4
1833,3
1834,3
1835,4
1836,5
1837,6
1838,0
1839,6
1840,3
1841,5
1842,2
1843,8
1844,2
1845,6
1846,6
1847,3
1848,3
1849,2
1850,7
1851,2
1852,0
1853,4
1854,2
1855,4
1856,6
1857,3
1858,6
1859,3
1860,5
1861,3
1862,4
1863,6
1864,7
1865,6
1866,9
1867,3
1868,3
1869,0
1870,6
1871,9
1872,8
1873,5
1874,4
1875,4
1876,6
1877,3
1878,2
1879,3
1880,5
1881,5
1882,8
1883,2
1884,3
1885,9
1886,2
1887,0
1888,3
1889,3
1890,5
1891,3
1892,4
1893,3
1894,0
1895,2
1896,5
1897,2
1898,8
1899,4
1900,3
1901,5
1902,3
1903,0
1904,0
1905,2
1906,3
1907,3
1908,4
1909,8
1910,3
1911,4
1912,3
1913,8
1914,3
1915,3
1916,8
1917,9
1918,3
1919,3
1920,3
1921,2
1922,6
1923,3
1924,4
1925,9
1926,6
1927,0
1928,2
1929,3
1930,3
1931,9
1932,7
1933,3
1934,8
1935,0
1936,6
1937,3
1938,5
1939,4
1940,5
1941,2
1942,3
1943,4
1944,5
1945,0
1946,3
1947,8
1948,9
1949,3
1950,2
1951,9
1952,0
1953,7
1954,9
1955,4
1956,3
1957,2
1958,3
1959,7
1960,4
1961,5
1962,8
1963,2
1964,4
1965,9
1966,3
1967,5
1968,4
1969,6
1970,2
1971,4
1972,0
1973,3
1974,3
1975,3
1976,6
1977,0
1978,0
1979,3
1980,7
1981,3
1982,3
1983,4
1984,3
1985,4
1986,3
1987,2
1988,5
1989,2
1990,2
1991,3
1992,5
1993,2
1994,6
1995,9
1996,2
1997,6
1998,2
1999,4
2000,4
2001,0
2002,8
2003,3
2004,2
2005,3
2006,2
2007,4
2008,4
2009,3
2010,0
2011,3
2012,6
2013,3
2014,4
2015,3
2016,4
2017,5
2018,3
2019,4
2020,7
2021,5
2022,8
2023,4
2024,5
2025,3
2026,9
2027,3
2028,6
2029,9
2030,4
2031,5
2032,6
2033,2
2034,4
2035,4
2036,3
2037,3
2038,5
2039,9
2040,2
2041,3
2042,3
2043,4
2044,2
2045,8
2046,5
2047,8
2048,3
2049,2
2050,6
2051,2
2052,3
2053,3
2054,3
2055,3
2056,2
2057,6
2058,0
2059,8
2060,3
2061,3
2062,5
2063,9
2064,3
2065,4
2066,4
2067,3
2068,6
2069,2
2070,3
2071,3
2072,4
2073,6
2074,4
2075,9
2076,3
2077,9
2078,6
2079,8
2080,9
2081,4
2082,7
2083,9
2084,4
2085,0
2086,3
2087,9
2088,5
2089,4
2090,3
2091,3
2092,3
2093,9
2094,0
2095,9
2096,2
2097,8
2098,9
2099,6
2100,3
2101,9
2102,2
2103,6
2104,7
2105,3
2106,3
2107,0
2108,3
2109,3
2110,3
2111,4
2112,6
2113,0
2114,6
2115,3
2116,2
2117,2
2118,8
2119,3
2120,2
2121,3
2122,4
2123,4
2124,6
2125,9
2126,2
2127,9
2128,3
2129,2
2130,4
2131,3
2132,5
2133,5
2134,4
2135,4
2136,7
2137,2
2138,3
2139,6
2140,6
2141,2
2142,5
2143,3
2144,4
2145,5
2146,9
2147,3
2148,4
2149,2
2150,3
2151,3
2152,2
2153,2
2154,0
2155,0
2156,2
2157,3
2158,0
2159,2
2160,9
2161,3
2162,4
2163,8
2164,8
2165,8
2166,2
2167,8
2168,3
2169,2
2170,0
2171,4
2172,6
2173,3
2174,6
2175,3
2176,7
2177,9
2178,6
2179,6
2180,4
2181,2
2182,4
2183,3
2184,2
2185,8
2186,7
2187,6
2188,4
2189,6
2190,4
2191,4
2192,0
2193,0
2194,4
2195,9
2196,3
2197,3
2198,0
2199,2
2200,9
2201,2
2202,3
2203,3
2204,0
2205,8
2206,9
2207,0
2208,5
2209,0
2210,4
2211,8
2212,7
2213,3
2214,2
2215,4
2216,3
2217,3
2218,3
2219,4
2220,6
2221,4
2222,4
2223,0
2224,6
2225,7
2226,2
2227,6
2228,0
2229,3
2230,6
2231,3
2232,0
2233,3
2234,3
2235,2
2236,4
2237,7
2238,3
2239,3
2240,3
2241,3
2242,8
2243,2
2244,4
2245,6
2246,2
2247,3
2248,4
2249,9
2250,0
2251,6
2252,8
2253,9
2254,2
2255,6
2256,9
2257,3
2258,0
2259,4
2260,3
2261,3
2262,7
2263,6
2264,3
2265,9
2266,4
2267,3
2268,2
2269,2
2270,9
2271,5
2272,4
2273,2
2274,3
2275,0
2276,4
2277,4
2278,3
2279,6
2280,4
2281,4
2282,3
2283,8
2284,8
2285,6
2286,4
2287,0
2288,3
2289,0
2290,6
2291,4
2292,2
2293,3
2294,3
2295,3
2296,4
2297,3
2298,6
2299,9
2300,2
2301,4
2302,8
2303,2
2304,4
2305,3
2306,4
2307,3
2308,3
2309,5
2310,9
2311,0
2312,8
2313,4
2314,8
2315,4
2316,8
2317,7
2318,3
2319,8
2320,3
2321,4
2322,3
2323,4
2324,9
2325,4
2326,3
2327,4
2328,4
2329,4
2330,2
2331,2
2332,6
2333,2
2334,3
2335,3
2336,9
2337,7
2338,3
2339,2
2340,4
2341,3
2342,3
2343,0
2344,3
2345,2
2346,1
2347,2
2348,9
2349,2
2350,3
2351,2
2352,3
2353,3
2354,4
2355,0
2356,8
2357,9
2358,9
2359,3
2360,7
2361,6
2362,3
2363,0
2364,5
2365,8
2366,3
2367,4
2368,3
2369,0
2370,6
2371,6
2372,3
2373,6
2374,7
2375,3
2376,4
2377,3
2378,8
2379,4
2380,9
2381,3
2382,8
2383,3
2384,8
2385,9
2386,4
2387,3
2388,5
2389,7
2390,2
2391,2
2392,2
2393,3
2394,3
2395,3
2396,6
2397,7
2398,3
2399,3
2400,6
2401,6
2402,6
2403,3
2404,8
2405,7
2406,3
2407,2
2408,3
2409,2
2410,7
2411,8
2412,3
2413,2
2414,0
2415,0
2416,2
2417,2
2418,9
2419,0
2420,8
2421,3
2422,3
2423,4
2424,6
2425,3
2426,6
2427,4
2428,1
2429,8
2430,6
2431,4
2432,9
2433,4
2434,5
2435,9
2436,2
2437,4
2438,5
2439,4
2440,4
2441,8
2442,7
2443,3
2444,6
2445,3
2446,0
2447,4
2448,6
2449,4
2450,3
2451,4
2452,7
2453,8
2454,3
2455,3
2456,2
2457,8
2458,8
2459,3
2460,6
2461,8
2462,3
2463,2
2464,9
2465,4
2466,3
2467,3
2468,7
2469,0
2470,8
2471,8
2472,3
2473,3
2474,3
2475,0
2476,4
2477,4
2478,7
2479,3
2480,8
2481,2
2482,3
2483,0
2484,3
2485,3
2486,3
2487,5
2488,3
2489,9
2490,3
2491,7
2492,9
2493,4
2494,2
2495,4
2496,3
2497,5
2498,0
2499,3
2500,3
2501,0
2502,3
2503,5
2504,3
2505,4
2506,9
2507,4
2508,6
2509,4
2510,0
2511,4
2512,6
2513,7
2514,4
2515,3
2516,4
2517,2
2518,2
2519,4
2520,7
2521,2
2522,0
2523,2
2524,3
2525,3
2526,3
2527,4
2528,8
2529,4
2530,7
2531,7
2532,3
2533,4
2534,7
2535,5
2536,2
2537,2
2538,8
2539,0
2540,5
2541,3
2542,2
2543,4
2544,3
2545,3
2546,6
2547,9
2548,8
2549,4
2550,3
2551,3
2552,2
2553,4
2554,6
2555,6
2556,3
2557,9
2558,0
2559,6
2560,3
2561,3
2562,0
2563,2
2564,3
2565,2
2566,3
2567,3
2568,5
2569,5
2570,3
2571,7
2572,3
2573,5
2574,4
2575,2
2576,4
2577,3
2578,4
2579,4
2580,6
2581,4
2582,2
2583,6
2584,4
2585,2
2586,4
2587,4
2588,2
2589,3
2590,3
2591,4
2592,2
2593,3
2594,8
2595,2
2596,6
2597,3
2598,9
2599,2
2600,4
2601,8
2602,8
2603,3
2604,4
2605,7
2606,3
2607,4
2608,3
2609,9
2610,4
2611,3
2612,8
2613,2
2614,4
2615,6
2616,2
2617,0
2618,3
2619,9
2620,3
2621,3
2622,6
2623,6
2624,3
2625,6
2626,3
2627,5
2628,3
2629,2
2630,3
2631,6
2632,4
2633,2
2634,6
2635,9
2636,4
2637,4
2638,3
2639,6
2640,3
2641,3
2642,9
2643,8
2644,4
2645,2
2646,5
2647,2
2648,2
2649,3
2650,4
2651,4
2652,6
2653,2
2654,4
2655,5
2656,5
2657,3
2658,9
2659,3
2660,9
2661,5
2662,3
2663,3
2664,2
2665,3
2666,9
2667,4
2668,7
2669,2
2670,4
2671,3
2672,6
2673,0
2674,0
2675,2
2676,3
2677,5
2678,6
2679,4
2680,2
2681,2
2682,2
2683,3
2684,9
2685,3
2686,3
2687,4
2688,4
2689,3
2690,6
2691,3
2692,3
2693,8
2694,9
2695,0
2696,6
2697,2
2698,9
2699,3
2700,9
2701,3
2702,3
2703,3
2704,2
2705,3
2706,4
2707,9
2708,4
2709,3
2710,6
2711,6
2712,3
2713,3
2714,0
2715,8
2716,4
2717,6
2718,4
2719,0
2720,2
2721,3
2722,6
2723,3
2724,9
2725,2
2726,2
2727,7
2728,8
2729,9
2730,5
2731,9
2732,6
2733,5
2734,2
2735,3
2736,3
2737,3
2738,4
2739,6
2740,3
2741,0
2742,6
2743,3
2744,7
2745,5
2746,4
2747,4
2748,3
2749,8
2750,8
2751,6
2752,8
2753,7
2754,3
2755,2
2756,6
2757,5
2758,0
2759,5
2760,6
2761,8
2762,4
2763,3
2764,2
2765,0
2766,0
2767,2
2768,0
2769,5
2770,4
2771,3
2772,6
2773,3
2774,0
2775,9
2776,4
2777,3
2778,3
2779,1
2780,7
2781,4
2782,2
2783,9
2784,3
2785,8
2786,3
2787,9
2788,2
2789,3
2790,3
2791,3
2792,7
2793,8
2794,8
2795,8
2796,4
2797,9
2798,5
2799,8
2800,3
2801,4
2802,4
2803,2
2804,4
2805,4
2806,3
2807,4
2808,3
2809,3
2810,7
2811,3
2812,3
2813,5
2814,0
2815,0
2816,7
2817,5
2818,3
2819,8
2820,3
2821,3
2822,6
2823,8
2824,6
2825,2
2826,6
2827,6
2828,3
2829,0
2830,3
2831,8
2832,2
2833,0
2834,4
2835,6
2836,9
2837,9
2838,4
2839,4
2840,0
2841,9
2842,9
2843,3
2844,0
2845,3
2846,1
2847,9
2848,4
2849,4
2850,0
2851,9
2852,9
2853,3
2854,5
2855,2
2856,8
2857,7
2858,3
2859,3
2860,0
2861,2
2862,2
2863,3
2864,0
2865,8
2866,8
2867,9
2868,3
2869,2
2870,3
2871,7
2872,4
2873,0
2874,2
2875,4
2876,8
2877,3
2878,0
2879,8
2880,2
2881,3
2882,3
2883,3
2884,3
2885,5
2886,3
2887,2
2888,2
2889,9
2890,0
2891,3
2892,3
2893,3
2894,4
2895,4
2896,3
2897,3
2898,0
2899,0
2900,5
2901,3
2902,3
2903,6
2904,2
2905,4
2906,2
2907,8
2908,8
2909,3
2910,2
2911,3
2912,4
2913,3
2914,3
2915,0
2916,3
2917,3
2918,6
2919,5
2920,6
2921,2
2922,3
2923,8
2924,2
2925,6
2926,3
2927,3
2928,9
2929,2
2930,3
2931,4
2932,3
2933,4
2934,2
2935,3
2936,3
2937,0
2938,3
2939,2
2940,5
2941,2
2942,3
2943,0
2944,3
2945,0
2946,5
2947,3
2948,9
2949,5
2950,2
2951,7
2952,6
2953,2
2954,5
2955,4
2956,0
2957,2
2958,2
2959,8
2960,3
2961,8
2962,5
2963,6
2964,4
2965,7
2966,3
2967,4
2968,0
2969,9
2970,3
2971,3
2972,2
2973,8
2974,3
2975,6
2976,0
2977,4
2978,9
2979,2
2980,4
2981,6
2982,9
2983,4
2984,6
2985,6
2986,6
2987,3
2988,3
2989,4
2990,6
2991,0
2992,3
2993,3
2994,6
2995,3
2996,3
2997,3
2998,5
2999,8
3000,8
3001,8
3002,0
3003,9
3004,7
3005,2
3006,0
3007,3
3008,2
3009,5
3010,2
3011,7
3012,2
3013,8
3014,3
3015,0
3016,4
3017,5
3018,7
3019,6
3020,6
3021,9
3022,4
3023,3
3024,3
3025,3
3026,6
3027,2
3028,4
3029,6
3030,4
3031,3
3032,4
3033,5
3034,0
3035,4
3036,9
3037,4
3038,0
3039,8
3040,7
3041,3
3042,0
3043,3
3044,2
3045,5
3046,4
3047,2
3048,3
3049,9
3050,0
3051,7
3052,3
3053,9
3054,3
3055,5
3056,9
3057,8
3058,3
3059,3
3060,0
3061,8
3062,9
3063,3
3064,4
3065,6
3066,0
3067,6
3068,2
3069,2
3070,0
3071,8
3072,2
3073,3
3074,5
3075,9
3076,3
3077,5
3078,0
3079,0
3080,9
3081,8
3082,4
3083,3
3084,8
3085,4
3086,3
3087,7
3088,2
3089,4
3090,2
3091,5
3092,3
3093,6
3094,4
3095,7
3096,3
3097,3
3098,9
3099,3
3100,9
3101,4
3102,7
3103,3
3104,0
3105,3
3106,3
3107,3
3108,9
3109,9
3110,0
3111,4
3112,9
3113,3
3114,4
3115,3
3116,3
3117,0
3118,3
3119,9
3120,8
3121,9
3122,3
3123,6
3124,3
3125,9
3126,8
3127,0
3128,3
3129,3
3130,0
3131,8
3132,6
3133,3
3134,9
3135,6
3136,4
3137,6
3138,9
3139,9
3140,2
3141,5
3142,2
3143,8
3144,8
3145,8
3146,2
3147,4
3148,4
3149,4
3150,0
3151,3
3152,9
3153,4
3154,3
3155,8
3156,4
3157,3
3158,4
3159,8
3160,3
3161,6
3162,2
3163,4
3164,3
3165,3
3166,3
3167,9
3168,2
3169,3
3170,5
3171,3
3172,2
3173,4
3174,6
3175,7
3176,4
3177,3
3178,9
3179,4
3180,9
3181,2
3182,8
3183,3
3184,3
3185,4
3186,9
3187,3
3188,3
3189,3
3190,5
3191,0
3192,3
3193,0
3194,6
3195,9
3196,3
3197,4
3198,2
3199,7
3200,4
3201,9
3202,3
3203,3
3204,9
3205,6
3206,0
3207,0
3208,9
3209,4
3210,6
3211,6
3212,2
3213,0
3214,3
3215,3
3216,0
3217,7
3218,9
3219,2
3220,4
3221,4
3222,5
3223,3
3224,2
3225,3
3226,2
3227,2
3228,2
3229,8
3230,2
3231,3
3232,3
3233,2
3234,9
3235,0
3236,3
3237,0
3238,2
3239,3
3240,2
3241,5
3242,3
3243,8
3244,4
3245,4
3246,3
3247,2
3248,2
3249,3
3250,2
3251,9
3252,3
3253,3
3254,4
3255,3
3256,4
3257,3
3258,9
3259,6
3260,4
3261,6
3262,6
3263,7
3264,3
3265,2
3266,4
3267,3
3268,2
3269,3
3270,9
3271,2
3272,6
3273,6
3274,4
3275,4
3276,9
3277,0
3278,0
3279,6
3280,3
3281,6
3282,8
3283,5
3284,3
3285,0
3286,6
3287,3
3288,2
3289,8
3290,7
3291,2
3292,0
3293,3
3294,0
3295,5
3296,5
3297,3
3298,4
3299,3
3300,9
3301,9
3302,6
3303,3
3304,3
3305,2
3306,3
3307,4
3308,8
3309,3
3310,6
3311,9
3312,9
3313,3
3314,6
3315,2
3316,6
3317,2
3318,0
3319,2
3320,3
3321,3
3322,2
3323,9
3324,3
3325,4
3326,5
3327,0
3328,0
3329,8
3330,4
3331,2
3332,2
3333,0
3334,4
3335,8
3336,5
3337,0
3338,3
3339,4
3340,0
3341,9
3342,3
3343,2
3344,7
3345,3
3346,2
3347,3
3348,8
3349,4
3350,3
3351,3
3352,5
3353,3
3354,9
3355,4
3356,3
3357,6
3358,4
3359,3
3360,2
3361,4
3362,6
3363,9
3364,3
3365,0
3366,6
3367,3
3368,4
3369,3
3370,3
3371,9
3372,7
3373,5
3374,7
3375,4
3376,6
3377,3
3378,3
3379,7
3380,3
3381,3
3382,9
3383,9
3384,3
3385,3
3386,4
3387,4
3388,6
3389,3
3390,3
3391,5
3392,0
3393,6
3394,9
3395,2
3396,5
3397,4
3398,2
3399,2
3400,3
3401,9
3402,4
3403,4
3404,4
3405,9
3406,3
3407,7
3408,3
3409,2
3410,6
3411,9
3412,3
3413,4
3414,3
3415,3
3416,8
3417,4
3418,3
3419,7
3420,0
3421,0
3422,3
3423,2
3424,3
3425,4
3426,3
3427,2
3428,7
3429,7
3430,0
3431,9
3432,3
3433,3
3434,2
3435,8
3436,3
3437,0
3438,3
3439,9
3440,3
3441,4
3442,3
3443,2
3444,4
3445,0
3446,6
3447,3
3448,6
3449,8
3450,3
3451,4
3452,3
3453,4
3454,4
3455,7
3456,6
3457,8
3458,5
3459,3
3460,2
3461,6
3462,9
3463,6
3464,0
3465,3
3466,7
3467,7
3468,5
3469,6
3470,6
3471,4
3472,9
3473,3
3474,6
3475,2
3476,4
3477,3
3478,4
3479,2
3480,3
3481,0
3482,0
3483,3
3484,2
3485,2
3486,5
3487,2
3488,3
3489,3
3490,5
3491,7
3492,6
3493,9
3494,3
3495,4
3496,4
3497,3
3498,9
3499,8
3500,5
3501,6
3502,2
3503,3
3504,6
3505,3
3506,9
3507,3
3508,0
3509,3
3510,3
3511,3
3512,6
3513,8
3514,2
3515,3
3516,7
3517,5
3518,3
3519,3
3520,3
3521,3
3522,6
3523,5
3524,7
3525,2
3526,3
3527,5
3528,3
3529,4
3530,8
3531,3
3532,6
3533,8
3534,3
3535,4
3536,4
3537,3
3538,4
3539,9
3540,3
3541,4
3542,3
3543,3
3544,9
3545,0
3546,3
3547,9
3548,3
3549,2
3550,6
3551,3
3552,8
3553,9
3554,0
3555,3
3556,2
3557,4
3558,2
3559,2
3560,6
3561,0
3562,2
3563,0
3564,9
3565,5
3566,6
3567,3
3568,2
3569,2
3570,4
3571,0
3572,9
3573,2
3574,3
3575,3
3576,4
3577,7
3578,3
3579,8
3580,8
3581,3
3582,9
3583,3
3584,3
3585,0
3586,4
3587,2
3588,5
3589,3
3590,7
3591,0
3592,4
3593,3
3594,0
3595,2
3596,0
3597,3
3598,2
3599,2
3600,2
3601,6
3602,2
3603,2
3604,6
3605,3
3606,0
3607,4
3608,2
3609,2
3610,9
3611,8
3612,6
3613,3
3614,7
3615,3
3616,3
3617,3
3618,3
3619,2
3620,2
3621,8
3622,5
3623,2
3624,3
3625,3
3626,6
3627,3
3628,8
3629,7
3630,3
3631,6
3632,4
3633,3
3634,3
3635,1
3636,2
3637,5
3638,3
3639,3
3640,3
3641,4
3642,8
3643,6
3644,0
3645,9
3646,3
3647,2
3648,3
3649,3
3650,9
3651,3
3652,2
3653,3
3654,0
3655,9
3656,2
3657,6
3658,3
3659,2
3660,3
3661,4
3662,2
3663,2
3664,0
3665,5
3666,3
3667,8
3668,7
3669,9
3670,6
3671,2
3672,9
3673,3
3674,5
3675,3
3676,4
3677,6
3678,3
3679,2
3680,9
3681,7
3682,4
3683,3
3684,9
3685,2
3686,3
3687,4
3688,4
3689,8
3690,3
3691,3
3692,2
3693,0
3694,2
3695,2
3696,4
3697,3
3698,4
3699,1
3700,8
3701,4
3702,2
3703,3
3704,6
3705,3
3706,4
3707,0
3708,2
3709,6
3710,3
3711,7
3712,0
3713,8
3714,3
3715,8
3716,3
3717,9
3718,3
3719,9
3720,9
3721,6
3722,3
3723,6
3724,7
3725,6
3726,0
3727,4
3728,3
3729,3
3730,6
3731,8
3732,3
3733,6
3734,8
3735,7
3736,5
3737,3
3738,6
3739,3
3740,6
3741,8
3742,2
3743,8
3744,2
3745,7
3746,6
3747,2
3748,0
3749,3
3750,4
3751,3
3752,5
3753,4
3754,3
3755,4
3756,5
3757,3
3758,3
3759,2
3760,2
3761,3
3762,8
3763,5
3764,3
3765,2
3766,5
3767,3
3768,3
3769,8
3770,8
3771,4
3772,3
3773,0
3774,0
3775,4
3776,4
3777,3
3778,3
3779,2
3780,5
3781,6
3782,4
3783,2
3784,9
3785,2
3786,3
3787,6
3788,0
3789,0
3790,4
3791,0
3792,3
3793,3
3794,4
3795,9
3796,6
3797,0
3798,6
3799,3
3800,4
3801,3
3802,5
3803,2
3804,6
3805,3
3806,2
3807,7
3808,9
3809,6
3810,3
3811,1
3812,4
3813,3
3814,7
3815,4
3816,9
3817,3
3818,2
3819,6
3820,3
3821,2
3822,0
3823,9
3824,3
3825,3
3826,2
3827,0
3828,9
3829,9
3830,8
3831,4
3832,2
3833,6
3834,3
3835,3
3836,3
3837,3
3838,3
3839,6
3840,3
3841,9
3842,0
3843,6
3844,4
3845,4
3846,3
3847,0
3848,3
3849,3
3850,3
3851,3
3852,3
3853,3
3854,2
3855,5
3856,6
3857,3
3858,4
3859,3
3860,8
3861,4
3862,3
3863,9
3864,2
3865,9
3866,6
3867,8
3868,4
3869,3
3870,2
3871,3
3872,3
3873,2
3874,3
3875,2
3876,9
3877,4
3878,8
3879,4
3880,6
3881,3
3882,3
3883,3
3884,3
3885,3
3886,6
3887,8
3888,9
3889,3
3890,7
3891,3
3892,2
3893,6
3894,4
3895,3
3896,3
3897,4
3898,4
3899,6
3900,0
3901,9
3902,3
3903,6
3904,0
3905,0
3906,4
3907,8
3908,4
3909,8
3910,3
3911,4
3912,5
3913,0
3914,8
3915,6
3916,9
3917,9
3918,3
3919,3
3920,8
3921,3
3922,2
3923,9
3924,4
3925,3
3926,2
3927,3
3928,0
3929,3
3930,3
3931,2
3932,4
3933,3
3934,0
3935,2
3936,3
3937,2
3938,9
3939,7
3940,3
3941,3
3942,2
3943,5
3944,9
3945,3
3946,6
3947,4
3948,9
3949,3
3950,3
3951,3
3952,3
3953,0
3954,4
3955,2
3956,4
3957,2
3958,5
3959,7
3960,7
3961,7
3962,3
3963,4
3964,2
3965,3
3966,4
3967,4
3968,2
3969,6
3970,9
3971,4
3972,3
3973,0
3974,7
3975,6
3976,9
3977,7
3978,4
3979,3
3980,3
3981,4
3982,9
3983,2
3984,3
3985,9
3986,3
3987,3
3988,3
3989,4
3990,3
3991,0
3992,5
3993,3
3994,3
3995,4
3996,3
3997,5
3998,7
3999,5
4000,4
4001,9
4002,3
4003,2
4004,3
4005,7
4006,0
4007,8
4008,0
4009,3
4010,9
4011,2
4012,4
4013,2
4014,6
4015,4
4016,3
4017,2
4018,6
4019,8
4020,2
4021,9
4022,8
4023,4
4024,6
4025,8
4026,3
4027,2
4028,4
4029,2
4030,8
4031,2
4032,7
4033,6
4034,2
4035,5
4036,2
4037,3
4038,3
4039,3
4040,3
4041,2
4042,3
4043,2
4044,8
4045,3
4046,9
4047,4
4048,6
4049,2
4050,7
4051,9
4052,3
4053,6
4054,8
4055,2
4056,3
4057,8
4058,5
4059,3
4060,3
4061,9
4062,6
4063,4
4064,3
4065,3
4066,6
4067,8
4068,3
4069,3
4070,4
4071,4
4072,5
4073,5
4074,0
4075,7
4076,3
4077,9
4078,4
4079,5
4080,8
4081,7
4082,3
4083,2
4084,3
4085,6
4086,4
4087,9
4088,2
4089,6
4090,2
4091,4
4092,3
4093,9
4094,8
4095,4
4096,7
4097,0
4098,4
4099,9
4100,3
4101,5
4102,4
4103,3
4104,9
4105,2
4106,2
4107,6
4108,9
4109,6
4110,3
4111,3
4112,2
4113,4
4114,6
4115,3
4116,3
4117,3
4118,0
4119,9
4120,8
4121,3
4122,6
4123,6
4124,4
4125,3
4126,3
4127,3
4128,4
4129,4
4130,3
4131,2
4132,0
4133,2
4134,7
4135,3
4136,6
4137,6
4138,9
4139,2
4140,3
4141,3
4142,6
4143,2
4144,3
4145,4
4146,6
4147,9
4148,5
4149,8
4150,3
4151,5
4152,3
4153,8
4154,5
4155,5
4156,6
4157,3
4158,3
4159,5
4160,2
4161,9
4162,8
4163,8
4164,3
4165,3
4166,8
4167,4
4168,6
4169,5
4170,5
4171,4
4172,6
4173,2
4174,2
4175,3
4176,6
4177,7
4178,9
4179,2
4180,3
4181,7
4182,0
4183,5
4184,4
4185,0
4186,3
4187,4
4188,5
4189,3
4190,8
4191,2
4192,2
4193,8
4194,9
4195,3
4196,6
4197,0
4198,8
4199,8
4200,2
4201,4
4202,2
4203,6
4204,0
4205,4
4206,2
4207,9
4208,8
4209,4
4210,3
4211,2
4212,0
4213,3
4214,2
4215,4
4216,4
4217,3
4218,3
4219,6
4220,8
4221,3
4222,3
4223,6
4224,3
4225,3
4226,3
4227,3
4228,9
4229,0
4230,2
4231,9
4232,2
4233,6
4234,0
4235,9
4236,3
4237,6
4238,4
4239,6
4240,7
4241,3
4242,2
4243,2
4244,6
4245,3
4246,7
4247,2
4248,3
4249,3
4250,3
4251,2
4252,4
4253,6
4254,8
4255,9
4256,9
4257,5
4258,7
4259,9
4260,3
4261,4
4262,3
4263,5
4264,4
4265,0
4266,4
4267,6
4268,5
4269,5
4270,4
4271,0
4272,2
4273,8
4274,5
4275,3
4276,2
4277,3
4278,0
4279,3
4280,3
4281,5
4282,5
4283,6
4284,3
4285,8
4286,3
4287,3
4288,3
4289,3
4290,3
4291,0
4292,3
4293,4
4294,4
4295,3
4296,6
4297,3
4298,8
4299,4
4300,3
4301,9
4302,4
4303,2
4304,8
4305,3
4306,9
4307,0
4308,9
4309,0
4310,6
4311,0
4312,6
4313,4
4314,3
4315,3
4316,2
4317,3
4318,2
4319,2
4320,2
4321,2
4322,9
4323,6
4324,8
4325,2
4326,7
4327,6
4328,9
4329,9
4330,7
4331,9
4332,3
4333,6
4334,5
4335,3
4336,0
4337,0
4338,9
4339,7
4340,9
4341,3
4342,3
4343,5
4344,3
4345,3
4346,3
4347,4
4348,5
4349,3
4350,3
4351,8
4352,4
4353,2
4354,5
4355,7
4356,9
4357,3
4358,3
4359,3
4360,7
4361,2
4362,2
4363,2
4364,4
4365,4
4366,9
4367,3
4368,4
4369,6
4370,8
4371,2
4372,6
4373,4
4374,8
4375,3
4376,4
4377,3
4378,4
4379,3
4380,9
4381,0
4382,2
4383,2
4384,2
4385,6
4386,5
4387,0
4388,9
4389,3
4390,0
4391,9
4392,1
4393,6
4394,3
4395,2
4396,3
4397,6
4398,3
4399,0
4400,2
4401,2
4402,4
4403,6
4404,9
4405,6
4406,3
4407,2
4408,3
4409,5
4410,4
4411,3
4412,3
4413,6
4414,3
4415,8
4416,6
4417,9
4418,6
4419,3
4420,3
4421,7
4422,4
4423,8
4424,6
4425,8
4426,3
4427,5
4428,4
4429,7
4430,2
4431,7
4432,9
4433,8
4434,3
4435,2
4436,4
4437,6
4438,4
4439,2
4440,2
4441,9
4442,6
4443,2
4444,7
4445,2
4446,8
4447,0
4448,3
4449,2
4450,4
4451,0
4452,0
4453,3
4454,0
4455,4
4456,0
4457,9
4458,2
4459,0
4460,7
4461,3
4462,7
4463,0
4464,4
4465,2
4466,2
4467,0
4468,3
4469,3
4470,3
4471,2
4472,6
4473,9
4474,3
4475,9
4476,3
4477,2
4478,3
4479,5
4480,8
4481,9
4482,2
4483,6
4484,2
4485,0
4486,6
4487,9
4488,9
4489,6
4490,8
4491,4
4492,5
4493,0
4494,3
4495,2
4496,3
4497,3
4498,6
4499,6
4500,3
4501,6
4502,2
4503,5
4504,7
4505,9
4506,3
4507,7
4508,3
4509,3
4510,9
4511,2
4512,2
4513,9
4514,3
4515,3
4516,0
4517,3
4518,6
4519,3
4520,3
4521,3
4522,4
4523,0
4524,3
4525,5
4526,3
4527,4
4528,6
4529,2
4530,8
4531,5
4532,3
4533,4
4534,3
4535,8
4536,8
4537,0
4538,0
4539,4
4540,9
4541,6
4542,3
4543,0
4544,3
4545,7
4546,6
4547,0
4548,3
4549,5
4550,0
4551,6
4552,9
4553,2
4554,3
4555,0
4556,3
4557,3
4558,3
4559,6
4560,2
4561,3
4562,9
4563,3
4564,2
4565,3
4566,3
4567,4
4568,3
4569,2
4570,3
4571,5
4572,0
4573,4
4574,3
4575,7
4576,5
4577,3
4578,7
4579,2
4580,0
4581,6
4582,6
4583,4
4584,4
4585,2
4586,3
4587,0
4588,2
4589,0
4590,4
4591,2
4592,3
4593,9
4594,8
4595,3
4596,3
4597,8
4598,3
4599,2
4600,7
4601,8
4602,9
4603,4
4604,4
4605,2
4606,9
4607,2
4608,9
4609,2
4610,6
4611,3
4612,0
4613,3
4614,9
4615,2
4616,3
4617,0
4618,7
4619,5
4620,6
4621,6
4622,8
4623,3
4624,3
4625,5
4626,5
4627,6
4628,0
4629,3
4630,3
4631,3
4632,7
4633,3
4634,0
4635,0
4636,4
4637,3
4638,6
4639,6
4640,3
4641,6
4642,6
4643,8
4644,0
4645,8
4646,9
4647,8
4648,3
4649,0
4650,8
4651,3
4652,4
4653,3
4654,3
4655,2
4656,8
4657,3
4658,4
4659,8
4660,2
4661,6
4662,7
4663,5
4664,9
4665,3
4666,2
4667,9
4668,0
4669,6
4670,2
4671,4
4672,2
4673,2
4674,3
4675,5
4676,4
4677,3
4678,3
4679,2
4680,4
4681,3
4682,8
4683,2
4684,2
4685,9
4686,2
4687,3
4688,2
4689,8
4690,8
4691,9
4692,2
4693,4
4694,5
4695,2
4696,7
4697,6
4698,6
4699,5
4700,4
4701,0
4702,0
4703,5
4704,3
4705,8
4706,3
4707,3
4708,4
4709,8
4710,1
4711,3
4712,3
4713,0
4714,4
4715,3
4716,3
4717,9
4718,3
4719,8
4720,3
4721,8
4722,8
4723,8
4724,6
4725,4
4726,0
4727,2
4728,3
4729,3
4730,3
4731,2
4732,2
4733,6
4734,4
4735,2
4736,2
4737,8
4738,2
4739,8
4740,3
4741,3
4742,1
4743,7
4744,9
4745,6
4746,6
4747,4
4748,0
4749,3
4750,5
4751,9
4752,3
4753,3
4754,3
4755,5
4756,2
4757,4
4758,0
4759,5
4760,3
4761,3
4762,0
4763,0
4764,3
4765,2
4766,5
4767,4
4768,2
4769,3
4770,2
4771,7
4772,6
4773,9
4774,8
4775,3
4776,4
4777,0
4778,3
4779,9
4780,5
4781,4
4782,3
4783,0
4784,6
4785,0
4786,0
4787,8
4788,2
4789,3
4790,3
4791,3
4792,2
4793,3
4794,3
4795,2
4796,5
4797,6
4798,5
4799,3
4800,3
4801,2
4802,5
4803,5
4804,9
4805,0
4806,0
4807,8
4808,2
4809,3
4810,3
4811,6
4812,9
4813,3
4814,6
4815,6
4816,2
4817,3
4818,0
4819,3
4820,6
4821,0
4822,3
4823,3
4824,2
4825,6
4826,2
4827,8
4828,3
4829,2
4830,3
4831,7
4832,0
4833,3
4834,3
4835,3
4836,4
4837,7
4838,3
4839,4
4840,6
4841,8
4842,6
4843,2
4844,2
4845,3
4846,4
4847,2
4848,3
4849,6
4850,6
4851,7
4852,0
4853,9
4854,4
4855,0
4856,3
4857,6
4858,6
4859,3
4860,5
4861,3
4862,5
4863,2
4864,9
4865,3
4866,3
4867,9
4868,3
4869,4
4870,9
4871,8
4872,9
4873,3
4874,9
4875,2
4876,5
4877,4
4878,8
4879,4
4880,5
4881,9
4882,6
4883,3
4884,2
4885,9
4886,3
4887,9
4888,6
4889,4
4890,9
4891,6
4892,4
4893,9
4894,6
4895,4
4896,6
4897,8
4898,7
4899,3
4900,2
4901,5
4902,3
4903,3
4904,4
4905,6
4906,2
4907,4
4908,6
4909,3
4910,0
4911,3
4912,2
4913,4
4914,4
4915,3
4916,0
4917,2
4918,3
4919,3
4920,3
4921,3
4922,3
4923,0
4924,4
4925,7
4926,8
4927,0
4928,8
4929,4
4930,3
4931,7
4932,2
4933,2
4934,4
4935,3
4936,3
4937,9
4938,3
4939,5
4940,0
4941,2
4942,4
4943,3
4944,0
4945,0
4946,0
4947,2
4948,3
4949,2
4950,6
4951,5
4952,7
4953,4
4954,6
4955,5
4956,2
4957,2
4958,2
4959,7
4960,9
4961,5
4962,3
4963,3
4964,2
4965,3
4966,4
4967,3
4968,6
4969,0
4970,4
4971,6
4972,2
4973,3
4974,3
4975,3
4976,5
4977,6
4978,2
4979,9
4980,3
4981,8
4982,4
4983,5
4984,4
4985,8
4986,9
4987,4
4988,0
4989,2
4990,6
4991,4
4992,3
4993,2
4994,4
4995,3
4996,0
4997,3
4998,6
4999,3
